826
2430
2527
348
900
2837
72
1492
2109
1296
111
2480
1358
1376
2389
1104
2267
1306
2543
1738
1659
229
1173
2748
2763
1186
861
2072
2036
2132
184
1249
1747
440
2823
1616
2163
2807
1952
2533
318
49
73
350
5
142
1513
2409
718
2924
684
1661
1833
2153
2222
1519
1379
1109
933
260
2227
1647
1405
2785
521
555
1947
683
1619
217
2330
1451
2713
2950
574
335
683
2992
1766
2559
2606
2915
1612
791
1633
2275
2098
2436
1755
2567
265
817
2238
1989
1773
556
1212
1255
1438
328
2113
566
2550
843
339
2966
2256
256
2591
702
808
1270
9
699
2920
2026
238
1109
2919
1338
135
2831
770
2121
1817
1179
409
770
213
2243
1178
1935
2267
2213
427
2527
306
2746
1650
2899
2994
1607
751
964
658
2073
2239
2575
1539
1162
339
2730
1874
2475
161
2192
1431
406
2158
2749
2338
686
2224
845
1789
589
1804
369
2313
2800
2439
308
1969
754
1138
520
909
2322
1942
182
325
1028
2962
2479
2839
1426
2094
2853
2890
2047
447
559
1662
205
1379
454
1532
2155
2841
844
2933
2428
472
815
1902
793
1680
1785
1456
90
2597
107
2220
2213
1516
1252
1565
1774
55
2645
1722
2439
2890
390
2117
2619
1525
62
1312
113
63
2365
641
1396
2529
2834
1743
631
2736
1830
2805
2993
166
1847
2371
1728
1773
719
161
2322
996
2489
1297
406
652
2695
2836
436
1694
1481
1465
1864
1157
2342
1595
2368
838
2398
1001
2824
551
954
1485
988
1961
1610
879
418
1220
491
2968
2889
1735
100
700
526
1551
62
2240
90
2902
1377
2158
220
517
2010
2167
2083
2336
1445
1493
729
1234
2446
2023
488
1343
1547
993
53
2481
1816
958
365
2083
150
1354
2156
923
2854
2886
939
2719
2376
452
2365
538
2994
2221
1284
1685
1857
843
2397
2496
1087
2655
2228
1177
1722
2042
1157
486
25
1895
515
744
1179
2399
1206
1225
2588
2058
1999
2602
911
116
2561
665
1628
1146
397
38
250
1733
1226
133
2412
2798
881
2030
1840
2122
1596
393
1724
1238
534
949
1262
2808
1657
2395
2064
1109
441
970
2828
1184
612
2188
2026
633
1958
552
1509
902
1351
1254
710
2265
425
127
720
1532
1913
260
741
1794
2346
1848
1418
1270
839
1965
1252
557
2828
2029
729
2268
70
1787
2902
2210
1796
1654
79
2891
1798
2272
2786
1237
258
1053
2526
965
2412
1462
2817
1129
2663
2647
775
2807
2448
1910
1920
1923
1111
1355
80
621
1200
827
137
2517
1955
54
1001
1547
2380
631
1469
974
65
1203
2737
437
993
1868
52
718
1785
1501
1485
2151
323
1265
1018
1326
365
2212
1055
1948
686
407
2100
1341
381
511
2701
1270
1342
1295
861
2292
2435
2984
1875
1981
739
1756
101
853
1157
1153
2383
868
1967
1479
2807
1829
2283
2640
2144
966
1091
155
716
1393
2343
2347
1528
9
2760
2977
354
1771
1227
770
1981
1077
248
1487
2116
2296
1669
320
2403
1232
1816
525
1744
2524
1418
1272
1495
1717
69
770
286
2838
2616
1712
42
17
690
123
379
729
683
602
840
2843
2720
2925
440
2688
2713
838
1741
847
268
2757
2114
385
170
919
2023
2630
1325
1323
2059
1580
1409
599
1051
1347
63
648
2917
2940
2300
1640
1955
2972
1791
2609
1054
2699
1985
548
766
25
2450
2522
2408
1850
533
892
2252
330
2323
301
1546
285
42
1606
2403
2099
2333
2418
755
1096
1441
2367
1276
2413
1118
672
2768
940
2038
1936
2685
907
2744
1512
1458
2172
2584
2082
2926
203
746
402
1592
2168
380
457
1518
2421
876
481
491
32
2703
1538
1673
1815
1714
1514
170
1612
2587
525
1957
1337
54
2879
2319
1509
720
786
2348
704
1709
2082
2199
2519
2002
257
680
261
1135
1055
1292
1690
36
2887
1162
2706
2034
221
2313
1914
2564
1012
451
1487
1838
88
1900
765
1655
1284
1490
2422
1716
851
88
1986
141
2517
1077
2860
2519
258
1405
2835
2603
2572
2882
437
1809
2738
1169
1199
2920
1158
367
2231
1870
2531
2344
1185
1160
2167
838
2887
370
317
1024
2603
2354
1911
584
5
2053
2591
2404
2527
1403
1385
1817
1861
630
1787
814
1877
1176
431
892
1270
770
1880
2163
1699
553
1414
997
1138
835
1985
2883
1571
956
2794
1303
1027
1768
1176
2208
1337
2633
2699
2277
1776
285
1540
2377
2074
1732
389
1617
2002
273
2198
119
9
2937
2218
1035
28
2045
1800
473
790
194
465
2855
551
1858
733
829
1313
1804
2171
119
2108
1844
1040
1737
1032
2919
2827
698
2152
1251
2798
2853
439
1200
1564
593
290
661
2445
100
2135
2181
2186
2411
1993
569
2319
885
700
611
2196
1725
1849
490
2372
2959
2271
2800
2662
2772
1142
2489
2849
272
1523
2746
556
2725
1344
2788
2387
1892
492
2571
940
1487
2811
852
806
2853
1408
545
109
1725
2740
2110
1581
2498
2485
2728
2573
615
2213
203
738
1675
2350
995
495
2507
2866
427
668
863
1535
1989
949
1476
1502
2758
1120
1077
2228
261
1132
477
715
1625
1348
1136
2209
2644
1394
2562
307
315
175
641
655
1617
2706
384
1090
2690
2460
738
1255
209
1941
2942
2354
2587
2221
1525
1800
2695
2084
1288
2079
1077
405
1680
2212
137
1248
664
682
1476
2052
655
664
1530
113
1271
878
1760
1352
1517
2242
85
2161
2653
2942
1782
2837
1297
2333
1928
2828
2393
1450
1465
1712
1406
664
2244
442
2603
2292
2838
54
2493
685
1634
2567
2402
1526
2596
1401
2800
717
225
2136
371
378
1583
1948
1878
2069
806
476
1679
2444
1328
372
252
31
2005
2104
1357
2908
572
1014
1355
2450
2308
2927
2935
1328
2400
926
1850
1310
426
193
392
1311
1415
17
2152
506
2301
2336
2158
111
2081
2306
763
2737
765
2573
2611
1993
149
1024
2743
211
2649
881
2297
2889
823
1057
1417
2589
1847
718
1832
2675
1047
978
1149
1360
1632
622
200
123
2098
1674
2786
1567
1231
1540
1921
1327
2357
1291
97
580
464
527
2290
1180
1922
24
306
1344
1942
2177
1664
189
478
2966
1561
1287
127
1899
1500
2708
552
1042
1913
822
1271
934
1625
380
2071
748
1171
1123
2008
2701
937
2358
1878
210
2696
613
2133
874
1508
604
594
1801
1992
348
1845
290
1809
2339
1993
2308
678
2225
474
1566
1510
1436
2783
1410
1174
2702
2481
1050
2085
1322
1448
945
1210
468
1247
1474
171
1705
1558
1219
1972
1230
1934
2425
1409
170
689
1368
2496
575
1446
516
2222
465
1868
2485
1642
1569
264
2862
1755
2026
1180
1047
2732
1538
1689
1258
1929
57
1963
2863
1704
209
2757
2146
2335
2222
1708
1540
365
1154
2871
1273
430
2753
608
1228
77
207
2913
2645
2244
2541
371
2127
980
295
1369
2145
1572
2506
1725
7
2582
2874
748
955
357
317
753
735
2303
1883
2310
628
2740
270
2968
555
1325
924
898
1449
2973
1867
2777
627
824
84
1388
2455
186
2427
2736
2046
2439
1588
1037
2222
1699
1771
748
376
547
221
2756
306
1355
795
114
2399
2709
195
2098
2947
1089
1491
2073
1617
1354
1898
2460
1419
697
1725
1254
2727
558
1712
2810
130
1518
2824
2171
71
1495
831
1941
1363
1492
793
685
1816
911
1757
1038
1263
1815
1703
1063
348
699
1914
2093
1452
1154
580
2058
131
427
569
430
2385
2130
1831
144
2031
2401
2976
381
2323
1544
1038
1822
2846
2604
448
2882
2544
2553
1657
1641
536
1599
1772
1517
2159
769
2951
340
2409
1249
161
299
2661
1983
1195
259
1245
1821
677
1191
1068
990
1984
2932
2122
2832
2803
175
2293
1731
179
1499
420
2724
1602
1366
1107
707
1821
355
1264
2196
2640
2476
1807
385
1057
2173
397
1804
1620
1630
475
62
2893
2217
227
147
396
1334
2444
2406
331
590
549
2739
2809
1103
1335
2621
1198
1819
186
1415
525
1045
2797
2980
2729
1936
1539
1839
1811
409
2810
158
1707
2942
1801
482
932
2887
2186
1612
2723
2332
333
2130
2601
2199
1619
1941
2864
2054
1433
1787
668
229
433
969
883
1078
1511
2549
2978
2742
1866
2002
1672
2462
1403
792
88
1467
1545
1465
2574
577
1336
2767
1267
63
2489
2913
2872
1888
2766
2434
972
1255
1795
2094
488
1446
113
1133
731
2153
2851
1557
712
2989
117
431
2111
552
2709
10
2522
312
2322
2229
1211
722
992
1388
799
300
930
2974
861
1974
2448
2354
1493
785
26
2564
464
2027
1028
1694
2554
2119
1911
1283
2157
2956
104
822
2189
124
1055
869
732
2246
1206
1356
742
1820
1893
2531
496
224
2388
487
2268
1077
1479
1530
1011
1915
108
598
1602
2103
1745
2647
2383
1072
1225
2358
488
2410
2840
633
551
928
1508
2239
1065
675
1822
2486
743
949
1750
1193
786
2622
677
1132
52
2588
1385
1935
1559
1867
1429
2867
1793
858
208
55
1688
335
2820
1636
2094
1218
583
1925
2905
1685
1822
990
890
60
254
1112
2565
1877
965
2324
267
2838
2628
1764
1804
1790
2233
1715
1828
1586
159
1185
1225
1543
2024
2472
523
2391
1195
559
1414
2916
2418
219
116
2059
414
2545
2349
2038
753
110
1242
35
723
200
2513
221
1244
521
710
327
236
1451
2262
1615
160
1291
2513
987
2696
2081
1760
71
1787
2378
2710
2399
2483
936
2548
376
185
1489
1126
431
1058
1828
1536
2754
475
55
534
195
1467
1340
1
282
1164
614
2785
2982
295
1511
2880
639
743
461
36
602
163
91
2422
323
2562
2147
2032
209
663
1864
1018
2251
1725
2162
112
1338
1335
2224
2747
385
1494
902
386
719
70
2990
2973
2796
2468
2758
1252
2126
1050
1158
22
303
1511
2902
1197
293
2105
71
2775
1611
2182
139
566
1677
1102
208
2716
1582
175
880
718
1589
1733
2568
2753
2049
1000
1108
1776
2980
2839
1351
871
1322
1904
2901
885
897
1123
420
1419
1298
2787
2872
2668
1401
1886
1733
1597
810
597
1602
319
456
147
1740
446
1635
460
2911
510
2091
277
2426
403
302
2535
2559
1041
2830
2017
2503
2229
2609
2342
2713
1936
2204
1488
927
867
2493
1061
2271
2395
839
2586
736
2541
2666
2043
882
2798
2421
1866
1906
151
2162
535
1260
1698
552
791
2698
777
2699
1365
1116
2475
1282
971
2702
1849
2507
1072
2808
95
837
1755
1560
2287
1032
743
557
153
831
2310
58
681
2658
2546
1796
133
2973
2040
2079
2302
2350
701
2014
1569
1066
2984
1609
523
2882
2387
1176
2548
812
551
2774
944
42
844
552
1719
2699
724
1616
1280
1964
640
562
770
1011
593
84
2833
2498
878
2957
2028
1722
1843
437
1093
271
1812
441
1639
2814
1579
1040
2779
2825
2149
569
492
1287
1581
258
392
1008
2992
2504
1838
1895
2896
920
1065
1503
2219
1988
1276
386
1356
2560
290
2151
2747
1600
2540
1762
416
2407
1819
2477
1963
1152
284
2853
1417
2835
2806
1561
2299
810
773
1217
1160
2737
1980
2172
2698
2279
2193
157
399
2045
2441
1791
478
143
992
1373
625
1349
2347
2957
831
1194
1446
1522
280
338
588
1066
1952
2354
376
735
2246
2530
225
1530
2548
2511
715
1840
244
1496
2278
1956
1231
1378
333
837
2523
2552
1153
1739
17
2197
2330
2901
1938
2635
2774
225
956
2893
718
2931
302
1811
231
2344
623
5
1169
2433
639
656
1497
370
2960
496
2277
250
1693
1454
529
203
2736
1273
1513
442
2823
1935
2801
2336
603
2008
793
311
1159
1015
1091
1397
499
605
2369
373
2631
761
2074
2925
897
2394
1452
793
247
1532
1025
2787
1145
2907
758
564
2742
22
697
1376
2891
804
926
1460
2468
670
185
2506
2341
2311
2461
1526
145
637
324
1641
2848
241
1669
2655
843
2338
942
1882
67
1458
2739
514
1321
228
2016
836
693
346
2926
844
1587
303
547
298
1506
658
1510
1924
2312
2551
2710
1378
237
2801
2961
719
1452
294
2583
2482
2481
420
501
2984
1212
157
2525
307
1682
861
1994
366
1224
1110
1000
733
2903
851
1849
1263
2544
813
411
2290
2903
2498
1360
1985
2867
2220
1252
2580
1755
2429
684
1482
47
161
639
813
2002
1677
376
1670
824
362
2018
373
101
645
167
2139
2363
1126
1627
1044
2647
1240
1428
1752
1971
632
2005
1313
1624
17
2490
2440
1132
569
1610
1899
2683
1922
768
2193
714
1575
359
2408
188
975
1354
1040
2977
1687
1646
1772
525
983
2534
2545
752
772
1146
1866
930
119
1397
89
908
2658
1463
2463
2819
1964
474
968
984
1419
2436
426
1378
2343
95
1091
609
2036
1650
784
1896
1057
892
796
1068
403
1475
112
100
1334
2629
68
1148
1382
1681
2344
2484
2607
1308
2180
1135
1380
2441
1935
1373
1943
2210
1539
571
657
1282
2028
218
2227
1332
1269
157
340
1293
1015
2385
1926
2376
1796
911
2844
642
1652
406
2037
2251
1469
463
2177
217
1641
465
551
1748
0
2094
2331
954
302
593
2522
2836
2242
1909
745
2146
2773
837
2586
2757
2582
1245
527
806
860
1385
2514
1857
2982
2202
1922
1886
462
2402
1148
830
1447
1903
2234
1908
1209
2064
2795
2819
2434
1874
1160
2323
2720
2048
934
544
2497
1635
263
1653
1631
467
2818
1407
1181
411
1036
221
1307
990
2310
242
952
1548
789
1031
2872
1658
1050
2153
2685
31
1298
110
970
2631
1782
621
988
210
963
2367
2410
862
441
2813
2391
616
1909
768
2596
456
1334
2776
178
474
1264
1413
2390
2188
2506
1956
2384
2300
2580
786
1817
2452
1135
213
243
694
94
2272
755
2618
535
1277
2108
2200
313
725
1532
553
1122
2327
617
1857
2127
2661
52
2790
419
1115
2645
1809
1422
370
879
615
949
843
309
2105
2899
2022
2424
1039
1602
2694
2050
2539
1568
1562
1125
420
2813
728
586
1173
2143
960
1291
2228
2650
570
1243
2908
1276
126
0
1198
642
57
957
1212
2376
2535
1207
856
2942
2805
964
1894
1455
1394
2962
191
2165
1354
1965
2531
225
1883
1402
2935
1985
2343
284
929
1414
805
1894
1730
1345
1889
1298
1732
2005
1681
1514
1152
846
108
1175
52
874
110
734
351
1686
452
2690
2748
2038
954
995
807
1206
318
2640
1710
1472
650
2543
430
1912
1078
151
287
221
716
2709
2026
539
507
896
2715
264
2243
1503
1849
2516
246
1992
175
343
958
1208
2754
2907
1772
124
2851
730
141
2346
1189
1678
1039
159
103
2640
2470
2194
22
1877
1723
2274
1636
761
2595
2727
951
60
1770
389
1276
1105
5
2666
2994
65
1657
1423
2733
1158
1495
15
1302
964
2575
653
1464
2036
1285
2246
2292
790
2444
2201
514
114
2611
34
2851
1369
1466
429
954
2338
1341
2194
2096
360
2627
770
1281
2200
2917
2223
951
2332
2352
268
1911
1065
699
2601
2523
473
235
1862
2631
1345
505
1742
29
1269
526
2179
2629
709
2906
2271
2780
243
2818
1379
1480
2311
2596
1002
1442
596
1112
315
199
2740
1886
2786
2603
2339
2189
2045
2240
1166
130
2133
2362
1250
2983
2469
65
1886
2650
247
461
1757
2383
622
2640
1249
457
2888
1186
576
641
2888
995
1660
1837
2209
2047
703
335
2186
709
139
2606
473
1977
2090
2557
879
1945
1640
1594
2295
1544
104
1767
2955
407
110
657
1822
1430
2606
1489
739
2332
2983
1301
992
165
2235
1794
181
2406
1591
1692
2789
1864
242
245
484
203
697
1636
2130
472
1968
741
600
2531
2117
2838
795
745
790
1435
889
1811
151
1472
1553
1980
1147
2681
1937
2343
2277
908
387
233
2963
1665
342
2095
2335
1122
2462
2521
2578
1180
2973
383
2158
120
1248
2257
10
709
995
554
1366
1421
1947
906
144
1763
1672
1562
1790
1414
127
2621
2199
146
738
32
1738
148
1207
2345
2536
1593
861
1211
1075
1857
2214
630
680
1954
2468
1903
2818
2287
1945
1163
2114
2863
1974
2276
728
2632
1443
1752
211
2576
176
2153
94
629
2451
2273
1378
1407
352
1165
2700
130
224
2801
2258
1948
337
1875
1658
212
871
1949
2573
17
1602
759
2606
617
1119
147
2965
1992
2115
654
1448
1104
1155
1355
900
2991
514
1055
2644
1
1945
1461
1497
2072
867
1365
724
1025
2190
364
861
2377
2040
1985
1517
2184
1810
477
2256
1920
1465
865
1301
1305
1619
155
221
2444
1824
1867
1839
2508
1586
291
458
1524
923
1094
2017
2685
839
1078
85
2866
2801
2021
549
783
312
2678
595
2474
1829
75
2960
1460
688
303
608
2118
345
1029
2818
416
1038
944
259
290
1090
316
927
2459
1312
2750
1813
